1025526231461183496
125815552
1201356512104349696
97706667
988068354
1132402733045100544
337217236
959285851875196928
826256205584535557
1199768132832776193
1661094252
22663306
1049162319941517312
1013877380551774210
859592034
2449913803
1014175274756395009
882714227248680961
823238304183283712
261589142
1214687241961791489
260885614
969444209940889600
808441004764332032
3220084809
517512920
408023195
717363629847396352
932109065647415296
888941363793989633
3192962633
1197209917972762625
892128385492697088
2909317254
1171196331945275392
940667507349716992
1085010463128195073
1886468286
67824962
499329344
1216128945017556993
1029902668964290560
17133665
56491860
272064857
1011574790044438529
1164570075799662593
1089847455003365376
379648875
1445111881
1228342815962419207
1206274647488000000
16585101
1268383134
1041742778806480896
923189291613917184
972162448949116928
290054616
265245636
393190233
64782523
1240369490
753596533417926656
15988539
747433580
2831435046
1115351170711580672
1152580236770283520
101310094
2738477133
1023805133795278848
791773970034888704
49148823
992134558190456833
1121079795058716679
1137823130720919554
1142506515493990400
1064289861782433792
860654500431880192
90114840
1009563233425022976
830603169055010820
975479327679795200
1909921760
43784241
784783818859294720
138889809
1219276774997221377
1218153043805581320
1176136293157355520
44132912
1110281349284458496
136073741
1151441341861249024
23443030
974498490762973190
28884655
3086902329
1161786573672738818
1071173410514972673
825948698
1044177636904366080
1224403692536901633
1218604675122860032
86985451
1004694257725296641
3334843313
1178167402258997248
764925179956912128
714991341
1010522757543669761
1958769932
1219986276495110151
25098358
1111377393405562881
892188990991876096
976295787855597568
816736590412337158
1214752028431454208
1112198245390925825
332608219
1220161572057673728
974103996817379328
14828950
2836321987
822462665910063105
1142633025882271744
879416319652790276
3394053112
839103212691066880
1128610043463651328
1114718776258367488
1095178667108425729
955530852846456834
1086496986180800512
1205987374720864256
46808996
1196622163698180096
1065015449417654272
800236299424702464
3389996296
3684208045
727137760574857216
1024775399736311808
1180953739793842176
801168552
1110715495878217728
1513214906
798088749221613568
963569760947630080
1215533447080366080
966317909659103232
402810988
1203456438653186048
815552224046829568
2307364483
1225039480962174976
2345804239
892275857779118080
283352830
1874943132
816798989785894916
1155500124296097792
103466695
969138694308421632
788131075318910976
1045424510353182727
2828705712
1217606115904540672
306437360
982989860091736065
1075617792370581504
4800871226
952745082
788927963173564416
302948698
1012475880248143873
4860451825
936120674996940801
1172879712634454016
466563097
159584057
823416009763627008
844507268
1185766269762592768
165255622
12112272
16279880
863504120
796403983476736000
553224712
28273116
925445927313305600
1247936395
792425445929078788
2427521119
366498596
832700878884831232
757703840669904896
992562871300222981
33946024
899169868460597248
822901284655210497
827366553091846144
1070155320503296000
73562405
984866185857642497
261430052
4000515677
1190179918824517634
1107168678057902080
1002526165775650817
815388229893378048
995936502311014402
252405807
1473532470
1094713876132872192
139438330
909448512
545368833
951965474904051712
402699614
18066377
1042476832526807040
899498052297400320
1204480029855551489
1182036058617384960
1096083747512991744
1188446753889980416
77143250
1024889843191619584
2202087336
3860020998
1189717955988332545
813567258781810688
327017753
1216806052181807107
1165008218482991104
821346996661403650
1020536840007319552
1043354500768116736
575057784
882660427947266048
194261777
1021078428018020353
1026551724440465409
1015013202839535616
155184468
914879246987927552
1206980352381616128
1130046320184446976
909606587001638913
1072548470530236416
1173431953917456391
1219645776059564032
872233627639263232
1211409152720830465
1205374352407093250
1221018175745200128
2330796883
447200783
1192356953315516417
881679922913304576
1116864113450344449
1081225697094455296
881538455901134848
730388626262130688
107495715
4048852873
766310525814902784
969768445595316224
17596616
882379676101992448
2190330965
1225581588634750977
38605342
1196283360362020864
1187405482228666371
30604083
759110604456095746
192279335
83841942
873628196591325186
137721735
1192248667547275264
759254490
3323948109
767898625
1093485474918920192
706289535383015424
1212527719306543104
1091799936767803392
1140649312122286080
1071060575818575872
402098023
3611891834
14206115
489958688
1126638904394825728
735688014161018880
1199907648050622464
785458822412369920
1043868806194622464
27219302
1079429091546316800
1176557221972520960
2844435437
1076328952237445120
1258858646
3318543460
793665030357213184
1213657926717435904
1072342620024815622
835603125209808896
973202960
162747537
1028967802336464898
1901482416
993276564
1168189634158977025
2865931440
805524511936245761
3057959389
937523295968223232
1198275957582417921
2407292684
1042975011995312128
702525607398252546
708665434556469248
1218663010492993536
854331265167892481
436058592
821346369361346560
827495269394550785
277018759
3059716343
21785269
4716947431
25688595
1223397450
920436714535116800
1219471920950890496
927303387426770944
887742120072626176
1142234435863162882
330535936
790217011171328000
908731843779760128
1564437284
711267839
233710570
1190110776666791937
750418300849393664
4182380774
1131097953001721856
1186625826
1087134051914395648
1350600788
3453483442
1512234564
1001500373331402752
25566129
2904643327
1099457151863541761
569659612
958841282159370240
411005468
4730891536
965301079092219904
2484687302
417294821
2300614933
2466940272
3616347075
42074224
881105019667447808
1210647318896291841
15700729
1228079693271830529
831307291517386753
362723824
1194152189142417408
1179945224816201729
381829318
383125195
1202648528184627200
2973096358
959070776715440129
797927149856403456
1150884029878734850
1194620284080476161
936762000008396800
1170354033577680896
62513435
824289637254529024
745161748731203584
1150810140947431425
1229899797873807360
1097654644849938433
1228349587007721472
806143273471447040
1613166488
2192945562
531497385
868962058989187072
1219942786507603968
726430582675111936
1224078440179163138
393969873
817348080899080192
839075580
399795890
1382536237
891311739391926274
17194090
1163866196543975425
935964414141874176
2654356639
1179436537471221760
3306173819
711367696072515584
858196705090523136
21712671
720896695
1079786899642945536
827103661977317381
867245421256749057
1182796388792459264
519872763
23195603
1059940486817947648
1046169889138868225
1192138989211410432
1178111089847996416
93992192
1229816199636226050
30717203
754743809670520832
205518700
1213907134749872130
1124204335905234944
738801603944316928
101021872
845392971381927936
826181002016018432
3260756930
2316327692
810595061931081728
3315464599
147436328
1162940086381633536
1017908416214392832
817749946040340480
1181698680417595392
3278935033
2769288165
3059092060
828862867
823901672699269121
49120470
1207124240626962432
1475843268
1064921405945466882
146048090
3422398941
1032628116160765952
1116507977828175872
1197695820
873018257002831873
823381648293105664
2859643392
1217998195252498432
44749843
921048750549798912
1186401589503971328
4160794887
1095364283834105856
1218191950186070016
46887301
922110659554430976
1602636956
1194076501723013120
1335474918
1726098164
1157840327782346752
1146864656054550528
973692154626404352
1166790721686237184
1226242517655597056
1149614611764637697
1000828816405737472
1208031055040720896
903953910
1213986184923234304
525682186
1182405041380085761
855828970557677568
1055994488777138176
319265497
1197450984
1096929184109264897
872293773195325441
2299072092
890788806059737089
788055459169177601
816979609916993536
1218554293
1703910080
783036643754188801
1116493176842276865
1019803322642034689
44672556
119168685
1027346622848671744
1001911960605155328
2783015351
1720728648
1098267831555244032
2244629215
545377339
998024297938481160
1010489235630149632
3067668504
1868465510
972130480182116352
826855507113758720
626497387
926635726506164225
1638437586
1021393315416166400
1072055351673909248
1088440638662680576
705462765293596672
50347501
1055223106674024449
239160808
1211728626481156096
1471615951
824055142135791617
936011468893491203
902996995001999360
1159224866387746817
3838614857
783509115754668032
474308814
1194766884144656389
741804334543822848
848609180218949633
1221565364
283677281
2203153698
742377702305370113
804046215671324672
1142855844364783623
1198788958857117698
159230211
464120575
1176154513880899585
2226076832
837028350
1072534912303951873
1036749588709957633
1123755936965976073
3404611078
1103439259296583680
1032224757154951168
914850943593787392
1015044369278164992
885245073813798912
1022268421294252034
1102910439015370752
940326182016258048
1212526184702996480
820059490305314816
1048689142564118528
977254766983163905
908411276640112640
954485414852743168
1540601226
1223192979726381057
878706692338397184
1060913826063937537
840710502
973034568197574656
131723652
