54619276
948891169
26042984
8283682
311062620
138737516
34875946
110535179
221922759
262940385
48814927
29247540
319785911
426353995
355418225
61603529
351076863
17680365
34371118
34051652
439928778
23645988
1158306108
16016705
54322823
1647573157
18771176
229219088
853669477
90472293
351130417
26554371
21826264
2294692417
25613591
19414861
15607337
588694711
66483027
37718165
32137995
1684237219
312195939
7618952
69436408
149013351
163489608
576348125
153559294
17468528
188105676
3146156240
17499936
427652956
859787192448712704
172511244
870447381006868480
349817494
101017453
48988950
2965787734
14745059
17721177
21636761
1671848557
35727881
16397938
436079352
41116847
61915131
596377986
255304260
27337548
18444665
2159329092
284867973
221858588
2305639040
22095916
127537612
3294572733
130945778
469357880
488717668
119440018
174145542
24767630
121631678
21187354
43652285
613088225
25284667
14816238
103073080
20550560
172788180
17028405
47423414
125215990
1686873912
1952721812
39916070
109685703
70600365
9083222
2975496784
20771519
248491362
14573745
1079997618
1039015705
58065825
64526215
34859699
981566796011622401
45004823
34396691
15940833
20136892
16734909
128558424
17312175
92996555
419083835
28602948
863733457
307690179
194636292
17503591
81062326
1157734974
17464261
30887511
25217702
139847909
19360351
15729207
242836537
168502762
1007427595
76918775
18699026
223868478
31516515
299790272
342716046
17310646
177641630
21865402
21822169
41098406
240678841
68271578
180841517
278069320
1037039454
27139045
219520823
44785664
61802282
16254381
223179929
107078762
1106501
3793960033
960706196
322132469
15146659
588587397
151117498
42432103
16534576
5780882
359997427
624936294
111220552
728020310964895744
17793087
16264842
34828272
21322255
18202632
15685406
104340042
15019344
720265901115711489
18958504
46034836
1561900206
309512562
15792514
2156167098
69475887
444205853
26380564
7740622
25527618
257126765
257087249
73990210
91271818
16374713
15145111
570436252
33903787
573008688
240641671
15335123
2616215901
10089542
45143254
22416023
68219213
15566123
2357677057
139805236
33234730
24776235
835857204
10717092
21684595
47753447
15525272
18450562
255370956
19416422
3847188633
242385901
1565041
222436278
811239440916054016
1143081932
107560072
2581857086
109579534
8720562
34233655
16223529
87766795
93943974
5990782
251918778
19865053
37531173
20253808
58544943
22382110
6351572
292633122
15661871
17877451
20121682
24889586
114557557
258481206
144995994
66652131
471514127
16458033
26534759
595299864
21246105
384471964
16463397
29738618
759948366
14538033
55851119
25180501
17449843
48737907
974708869
167704836
190905427
15300300
207799847
14792516
4019522178
191324405
52661430
149784821
171644812
17447246
423036151
15518537
21719375
573570993
227838448
15013405
3188558830
918169628
66933315
31464977
157793204
756123897783808000
93654953
2856781575
52173465
454645641
62347129
4348671
586
7654892
89979225
284626595
179588796
357837002
364534328
1289327088
23200391
42946380
618674871
26744624
426796052
14137737
196168350
860340144146141184
49586895
33916007
2153560873
2903979971
14600977
781725127
34367582
858498920
1485304172
111556423
34764540
19879256
18862246
758179242
18532867
58038523
14173930
16668573
112447717
45919773
18813143
704881669
255710216
1483464164
96205284
45192838
423154166
24630350
24062457
197224469
128534762
76743356
22549433
24848784
270090222
742846011932975104
259581901
21714938
1142711
17079694
344792152
112780173
16713013
1113202375
470368043
156342363
14458643
1934388686
125152418
15589386
225099584
1948293908
14066024
1119834276
35761681
2444454050
17793165
34400375
466721952
587579290
16299627
884578187392544769
720680905
192824559
461177967
18713314
19160434
769662515957501952
186655721
2243057712
22651270
3320478908
78385842
18025035
30188594
6819732
49272248
76235237
123585060
153086554
9594052
179810978
134918286
14266598
219104648
16745361
17159397
46015498
7370332
37932056
254873869
171480365
18351153
50863281
412518234
3039781324
1286710945
544716371
821782476515409920
36391088
531416329
781051028
117214547
18339274
14688144
140144781
221800898
147662527
1296774144
227373977
92242395
129774151
1132012321
78492615
188668717
14326420
302971361
27827813
241137695
24647812
2216623610
206921267
26149716
22505100
35916009
77968947
1130070541
15854702
321091935
245511321
325141447
89831415
188006317
41404784
18004009
31058145
26189696
652193
21771720
1010155094
376949684
84769987
1382791
16213403
25069385
5360012
23037867
19750789
44498699
962213876
90435637
76462131
21269694
33198720
169635024
180152984
40713876
237391563
41444712
22474812
27459374
15229557
194364678
18169582
162705721
15365401
40933275
77524749
257599952
18391051
115793956
49773236
547097112
23397958
845601138
8539242
19799261
17807970
8940342
15099295
19867571
898218643888197632
63077245
388627030
234186830
20243744
20280088
175330919
517995029
17758878
191049947
19049066
20330929
2590835076
21918787
21122578
375721095
71546514
11783502
2053051
41643124
398786662
43194865
12133382
192248791
1004804740105035777
283830242
114505454
705091592
163950604
129426727
27987687
107773039
16060054
14787085
14266196
12522
23497646
23318036
15975951
234857514
23530242
14677751
149099047
19123229
7857542
56746540
626533732
84816227
25141843
85485674
1639200440
240028072
3333055535
378631423
1073676020
2187251150
43170475
20215316
15461608
18179659
368050288
4899991
138141150
235747629
2554854913
889884434937200640
42472602
47475039
1072728805
39578447
15816595
33051317
1797991
185684899
394417223
255706796
38184280
53082555
20284575
17623512
17465286
21890177
498459134
145082202
2962370063
83993450
19396431
299917756
7786612
210957036
20627332
11810892
24236120
38270283
257824868
22792780
450611187
33964620
236132475
27078238
239575120
11651202
2257140654
38868694
151192336
882224900303409153
18638557
20456357
324570399
64826699
22021524
22059385
16006592
94141566
47318291
986390774
347419000
77926504
19453983
6892002
884982996
21419070
28713695
963047082
14346303
14232465
294756257
16550142
939622147
70740986
23033882
518568504
46260557
16659947
32545745
15950025
105275111
1731454231
191477653
36420369
51858290
43280157
932214169335627776
15358566
436100252
12403082
515822213
386135734
14221588
89553469
60693203
43214455
67415806
30051588
17760013
117341231
196540711
299156589
707059891
2724095695
880018682
17816420
48434251
24550000
226663569
3281098886
421163127
2592634077
289963138
193732179
171403133
14408705
24907451
28725171
2823218440
385447668
17282363
19134601
101214835
26188018
258338711
30821400
19511752
661163
161315681
36359192
16191760
2968140424
396088571
218195620
192935052
60506242
15549482
61516240
23515941
292968229
46949238
111635980
141341662
253536139
54635428
56471377
1053236226
13691782
578278321
17824099
29336407
21226678
153181367
423146699
34546946
14245253
176184325
31928507
1195054567
192589318
791243051813462016
15950054
362746034
252858879
21736838
3004231
21704949
16563015
742739906921963520
577060612
2544198971
900602521
208748836
957710354
422049167
1167948968
368472546
75364211
223354589
1684234034
308526298
594175899
17214825
1683907286
92889936
361569788
1708118976
291712805
22069471
25333609
33640905
3000261466
293786612
410113411
25088746
14722589
16012783
713104410
2797166390
3108351
1321785925
16187851
1542238148
20078986
930336259
115569519
89584852
15794496
102625402
274233761
912759481766957057
69416504
2551048190
30409200
346400805
21316253
34025138
14140714
17196807
56359325
22301031
30970382
25178222
41379801
222622640
18674588
15957506
4227017272
204075017
310597303
561441123
259341329
7091082
5778272
90456908
913664130
129960904
234798573
93637779
1001296272932864000
25649727
2830980198
143162009
12765522
17062358
15931663
3010869025
196337898
2423845160
973005421
289516877
253142796
23818581
824157
16474698
101043870
14858160
44704537
33608041
267860607
16364632
106481695
35575567
544927764
28354217
90676132
5966412
20086363
245031486
318682832
139186916
27564314
372729333
3121925308
1498648226
305189934
206468860
36129908
1965489247
40168326
15122826
1392282998
315331161
16012601
10726392
1471232930
36968571
33290097
855263756
612834596
14095626
154909422
37692594
19586517
19108766
15787371
19891596
19659605
80804103
37738073
17452463
54038828
35415506
130428321
57409991
92310823
168848966
107433523
15637319
14775998
17034631
147899730
18689780
17027378
15245652
14265924
16242277
2194124415
11442512
2380961067
25446267
24598070
246300125
15575800
623040697
80890381
370982639
174754159
16145763
233933608
494271814
212129844
81083096
16810171
202242689
22599438
16910232
16075573
52029429
28279637
423804754
1155572084
15327996
125325790
15824288
42782322
303940211
5972752
52755452
17325823
76854624
156667887
754878569252265984
106228835
7350962
18005489
468499741
17884583
3871760723
110827653
2209742392
41370216
15522308
209725175
21701757
6797952
17235003
14925956
24352352
21523363
2174616960
119000092
14517538
15922214
2575205850
455102100
22451908
565593851
14526644
389762109
1881534805
45422815
2253968388
15676578
236143056
1396151678
2977573516
46609085
15850297
2922928743
44457722
42923085
1952084330
37018002
163633469
1283319206
2767227699
1584014898
20487403
2833303375
222185665
16037600
199723335
28123862
1425748765
76403984
1101626341
18588815
272633657
319916258
2833658343
36047098
273853888
43654274
350961525
24036264
45869342
35941034
14762108
54730258
69605342
17781955
216799530
191633906
838511418
134160119
29229561
17845781
17031374
33912889
208246140
313821005
14123689
111721601
4116008413
30714308
343041182
128506014
213798858
111829844
31139434
23773209
22109106
426116125
19209801
43407467
54301390
318502332
14499468
304112893
3335040713
431969214
18880069
18224555
958372028
30224284
59502660
911780719
224810490
1643500784
588889517
94272056
24745957
56627441
2333577397
100683883
78986763
965091
2476048160
71622548
543941240
16987359
60843563
15369355
360714671
83788240
14836655
46241234
16249259
106463784
1029994225
137511672
19960900
738080573365702657
18013014
21146733
19050000
10162772
599001082
444908341
416418985
261900273
356929299
14701062
1498656096
19789372
317893401
23330998
14286806
176909855
219540733
70359496
534881613
242179803
262717598
30182005
14770470
1491965726
44771048
23588075
3262917734
1528307430
3148787797
66754444
43313304
570576883
19428464
2843685004
14375047
11738772
126051146
294707685
195681218
172485263
15397002
174110843
929823128259387392
20015311
17051264
15099007
23676149
340644602
242426145
28215139
20578408
550373091
69406354
2768807890
36978467
27822149
90589357
125862659
18517380
2384118506
710300755
2789056809
15432119
84816752
84393244
16986563
23403321
56699180
22496967
50916567
59917627
7436592
97555792
2924642426
26406958
36704352
27841030
18193849
544275098
31098240
505632711
25161054
130967186
31669847
1200019921
158502985
713273353
44356651
97710470
812135885328236551
20540348
556763518
226891781
27251924
56818774
2984872862
119023613
520547057
260548362
59526518
2339601
221859928
3141213592
246972341
16123423
592844349
176976565
1195567058
34175917
21829541
605165417
17893595
48534088
164649491
158426909
14354562
14676527
24436926
15641532
67683358
545098583
289394430
82689705
15610400
309315112
175174859
74753587
235159978
1089695454
14957147
16752675
27233671
304717600
29481992
11333922
38513145
19608199
41262945
102669423
13475802
1198481
407101742
18224612
50778320
23908154
1686543937
299751154
2981962858
53496184
390753374
558381779
994705358
233066753
196697157
46501363
361135478
45895089
20026504
134163734
89947367
28182253
28796038
381152398
977992638
36303802
589244564
46116415
518602986
2270215064
30875418
31779156
58265740
86683904
71361799
51240839
247142787
50718079
726960710
17773946
92443366
172482310
17161138
212005789
480196886
135886633
46960191
25545388
15498757
20341657
3586271
123179325
122193273
69121742
30471414
749963
282647169
498863526
44872052
59885434
141341863
177737258
257223459
541511214
587673904
32643650
58868322
121574840
14276135
603025587
66804351
21215254
329768150
27883652
15958732
16888571
14998938
52047494
28713373
20453211
757664948
1058246118
262325462
78899748
463446783
123692265
20686232
116565019
35279836
20926531
26572460
15999465
15370019
10717022
275572129
27877866
205376780
267719395
79569980
164493276
23450421
1884338521
217158910
78694788
4821831796
249003111
23335967
14221950
114773910
2801192631
14856951
1332272064
17635904
16185450
526630929
23696533
166678090
16527219
2545034534
258166437
202627333
614722543
377419742
20088350
394825507
63799454
97747246
1702535654
16195182
1107178933
329850172
46527860
196299243
130274805
198781614
38536646
19654634
159643888
18840710
2670759914
42944430
28601605
472540675
307150216
472587261
16490790
298031144
15781769
35281085
789959876
476390447
2287328803
257636542
575388640
717100525
7274772
72944832
22737226
14357283
987961472
817542625
22677427
22790104
34387610
57164144
27867682
15792153
20288618
631475517
24751910
17611773
242666205
14365873
314553133
3250521481
25516222
20926233
19445695
151183091
352547168
407440890
21525579
3459051
21621886
120221985
20945155
17047744
43458175
182161659
39000115
18633689
48424266
883274156
44707441
145845367
15971805
90399509
14803430
33777803
721127537674489856
573788425
123434827
2250948913
12284932
459427913
73439531
210876407
718869104556281856
27583042
118719917
46059944
80893289
14321981
305945091
211218767
261232011
256162494
28185163
24852012
114121962
233985354
1149480530
43996908
438799429
1400973342
70544000
24170193
1727785579
14885540
6487292
322029112
18820399
267967624
171287153
17768924
524733591
20278154
578650970
223509017
14079471
21169078
19430999
17262487
2224079705
102107018
179083873
96461789
159216777
109047474
32711332
360866586
920104904
919952370678812674
813402
183756527
242098934
165153530
243629377
49421426
74508260
543853470
112593696
128870883
14849240
20545040
431308861
235312723
131250818
223981354
35553764
1687283088
39619442
148217505
351260120
878212968923766784
8624752
18089641
34613951
82945525
14269446
30902514
38867536
110798856
89604232
1945724101
20509044
49670748
242759237
143430896
15682352
193794406
2853309155
5448502
14980820
15387664
1006232250
20100147
178372193
66672175
64380665
73650128
791788106
7824172
36937588
742735530287304704
12455302
34793170
22219541
4077671
11178672
47509268
121478572
20611469
610320045
25981578
26695904
50522278
20571531
91583544
4569690923
166024333
207662296
849578563
26876793
65497475
768632
83483361
84619620
11254852
436826287
29580450
715669667356880896
130781387
14934109
2207592050
16247719
16535125
15862680
23837831
43467353
275315776
1009493154
23431221
449290480
22903724
48485996
1640603341
160175660
295731821
25896607
1286161147
18461401
1636326834
11856032
14667411
225265639
17688714
407013776
4468081633
17197344
803061715
1486473206
16376937
1240034964
25557388
449366323
18036062
281236170
15530198
1238357485
22678797
140560637
914560130
14565991
26006398
1428034788
22346318
16539053
35680393
49950808
115393565
47348140
247476364
302083519
255527829
33573444
1075038894
5690002
20775769
22127526
140417519
951900990
45511031
588551732
29770862
35115058
17871030
322772286
18319313
11268812
458234232
626452321
15220768
278175882
22651121
183749334
155613846
30114946
116640323
191074329
1632710958
19786122
272762210
15771003
22652566
15451591
2968007206
52136185
27087640
27530178
262271317
41169223
38055292
183378744
612473
3431941156
14382779
416786529
544304020
51770633
21352349
229636313
34011331
77487918
119235720
458717914
1512366384
24921197
19553409
16809556
116764836
284111222
22151966
256353739
98464595
582386994
16456004
275828417
274606076
16825083
79173358
70194148
43581352
151106990
188803750
1711475467
327684727
321799506
60496760
771388593130483712
31583882
2286056016
89721585
49538700
2205567079
460655639
145240393
145741832
185270017
74991475
1900069152
19921215
767892066
65381936
2840527584
171657902
538374325
227545922
22080935
44473103
473665415
41408233
20168054
185506731
127907048
2437164474
166168978
21301933
19165963
169413838
81857654
14996609
13594462
19208535
21082047
518170154
70339630
185408277
44438256
2764864491
87313704
126134013
260814309
198381553
3403047461
14892330
192993369
21927348
20032587
47311830
47812430
14602051
30980844
349777789
17668340
20083388
20336988
274925909
216889727
658353
61306578
1141039176
25531164
60718655
14305753
17509945
2768501
53832621
43081691
242883110
49729058
27013292
318535212
516735853
207560742
387027891
15669888
574684578
20716349
529250880
270315611
20711495
32690471
32494537
250263881
22632037
54246440
27592116
14244162
31394354
299952256
15352439
1131217278
18009781
199443025
286654612
2303322370
178832906
19983463
22552228
754714
39407743
3840981
56132007
102558152
1887528152
37292495
247411057
41386278
14399917
6218752
77845268
331703548
55475057
49573859
17453548
52601279
25935803
512352048
16048357
27716044
1530459984
89788739
32494510
1198954656
209220102
76792854
352211941
15080288
2283960169
243318995
3982004534
15829574
17355423
129727090
22156672
23153664
119834114
3250029818
15253239
312506921
2613600829
21704138
1917826916
16804088
20572921
16753660
88806753
738020712
2425882104
14861641
1615516466
702208040
1202033305
19084210
17706519
19991186
19146778
901213862132932608
307434638
20195338
144552023
15935242
138443298
6235392
215394871
27439771
182695384
1377060878
23781227
24740039
16303106
1069811420
1092221005
282195067
82529146
131609541
149155812
36602488
21072250
34662162
353031969
17156000
155694788
201923339
385587235
262471147
442026896
19259102
15973881
420468181
250581747
20493166
819127464
20108080
9229732
135572710
1470250544
16908369
108309868
37825732
28902856
15329621
77032777
500000477
342213755
486864604
14642495
15887449
60919240
242595221
16564008
94139317
15828408
60379292
25190489
14815608
68498034
64757296
333884213
284067858
2960221
210232192
258900199
43078558
93121635
16228326
16639736
3239115411
1309143127
2772798101
580385556
69777601
165326839
7661842
79366215
22990674
14876017
21471357
34737729
101296422
4897803268
1471542956
93719349
15645093
11265832
18909919
35636049
789303014192402432
11700672
839596085660291072
222177693
326947824
27689907
142720807
3121865392
172851165
204995942
38913318
272548778
1849164720
17349381
266251183
351667869
57331275
1949906586
221236430
43822174
84100525
3249041383
43629631
75563288
338076065
88136400
25732408
554108359
288483638
143915733
16402111
16572109
33166794
293942732
19387798
1496971
17537467
14234858
22133515
103215322
36376606
1521208898
246108164
65127962
245441097
15664858
14140617
20531221
473198596
26598302
95922614
91491046
17177145
198597799
1048784496
266212209
360811389
19409213
246302252
248113252
24431892
57359277
315779591
739602678
121224595
140187322
11251362
817133173
191915993
855720408
41747410
8557
21956433
602386334
33545545
20282776
15535860
204459963
90278796
1266209922
534840893
22565296
24432463
38708675
22803494
65141130
239529147
14941706
171722417
31353042
17918338
219084863
14463848
76652862
37979530
176468814
18213483
14934774
9715012
14096558
63073834
38724491
123641728
117858323
16966104
800447359050137601
47490022
376795126
340613443
19844311
133832049
41584448
361504553
18672140
436925910
